41
431
322
448
131
193
456
300
409
416
194
89
235
294
442
491
490
419
318
426
327
75
395
153
292
358
387
179
179
356
437
183
242
15
366
373
116
247
1
375
146
264
260
273
138
155
111
196
197
355
497
89
97
192
498
334
206
222
475
277
292
29
146
339
288
46
22
425
226
103
392
258
359
216
322
320
477
39
345
41
90
98
36
415
219
317
457
362
404
256
411
375
77
301
26
496
86
78
384
8
324
53
130
99
159
411
450
302
110
342
11
188
371
34
258
318
224
42
87
480
439
264
143
99
311
218
108
43
23
28
296
148
408
181
439
424
45
131
472
315
427
263
198
363
416
392
145
239
173
51
410
397
452
4
381
110
399
26
225
152
376
347
69
497
5
471
40
33
95
302
271
275
356
499
87
474
294
153
129
436
265
225
53
496
366
383
387
281
91
467
221
364
99
439
272
417
282
104
268
496
281
101
398
417
59
239
487
494
253
243
212
487
333
44
460
137
189
445
87
315
463
84
256
485
434
150
432
105
39
257
269
251
50
257
454
103
432
75
1
268
26
131
154
98
443
179
276
343
118
489
170
129
224
15
288
101
310
377
338
377
310
102
297
414
338
435
302
114
1
188
50
420
337
341
65
191
95
5
462
316
326
159
375
270
225
391
493
64
134
265
34
364
60
210
313
371
161
150
170
155
437
267
364
135
383
34
428
16
427
494
85
24
175
246
107
399
247
445
154
4
4
403
327
424
193
149
291
376
230
73
440
250
431
183
78
178
254
130
275
239
305
307
123
13
411
287
329
404
305
201
265
19
99
427
481
136
150
182
115
157
24
410
151
446
20
116
240
387
219
485
102
452
236
108
160
297
466
467
164
491
250
386
423
377
182
118
425
406
296
273
276
323
324
119
310
14
473
241
3
161
238
206
260
163
158
458
96
464
155
112
293
91
467
120
40
421
1
413
35
153
442
378
471
38
180
5
476
142
188
224
38
385
149
344
369
413
242
112
235
272
172
209
359
158
271
25
140
167
190
81
464
121
23
151
113
250
337
422
169
48
304
434
16
408
77
106
295
51
499
423
493
248
106
275
57
167
19
213
150
99
367
52
6
481
18
446
120
76
118
365
373
464
389
433
123
47
230
235
175
461
262
244
190
100
20
286
454
210
399
497
111
478
231
395
128
220
431
310
125
302
339
178
421
43
349
482
455
198
6
427
299
235
319
320
465
98
71
358
262
305
432
384
468
330
367
27
49
147
310
292
60
292
286
457
15
170
123
339
9
331
279
225
322
303
371
497
58
92
192
159
62
494
375
81
181
56
46
415
252
296
29
429
77
175
141
439
415
341
488
458
102
479
410
112
47
303
166
413
219
98
207
499
196
135
417
290
215
335
123
371
175
220
303
364
235
156
169
209
134
482
45
490
156
154
449
27
350
300
385
108
316
306
116
440
56
316
384
113
249
407
240
148
20
295
374
32
293
109
15
403
56
134
143
284
0
436
128
52
459
84
439
115
315
276
114
187
0
236
335
242
170
90
214
157
447
322
228
67
234
486
14
498
10
64
455
483
77
178
258
116
60
65
175
166
197
445
273
90
346
228
165
376
472
76
55
249
468
421
275
300
39
2
179
118
195
359
493
127
435
204
140
492
104
372
76
191
255
214
249
155
466
36
303
400
56
225
57
121
466
329
368
53
2
155
11
141
266
232
2
458
233
413
360
3
199
458
262
315
82
267
90
424
98
37
13
204
342
69
395
20
77
416
488
54
28
0
297
84
438
112
365
411
39
172
85
320
107
497
179
255
395
347
118
189
434
318
388
69
247
13
27
242
500
162
155
24
334
78
202
217
384
353
193
217
435
426
272
161
361
484
315
440
4
478
47
497
429
296
59
378
110
134
405
22
386
77
121
381
340
192
85
253
337
33
32
4
207
83
253
483
240
139
389
277
442
353
474
129
194
306
96
7
72
178
151
147
151
91
372
333
374
426
481
248
189
444
271
101
251
228
148
102
293
205
55
481
142
38
276
325
2
107
299
234
380
169
84
356
373
54
433
399
280
126
113
216
392
410
324
331
371
219
471
74
424
444
402
262
452
368
120
263
185
78
197
427
500
398
399
222
484
442
452
481
12
219
388
312
58
171
444
212
87
183
6
300
294
33
152
230
26
451
53
169
436
225
364
256
400
28
79
176
76
347
27
287
430
96
397
132
61
489
416
259
220
321
28
134
229
186
61
382
431
69
311
322
101
267
104
284
157
98
93
93
303
184
177
20
96
225
114
25
126
349
363
389
309
303
1
171
109
29
126
425
338
175
9
139
192
52
251
375
367
314
90
394
180
199
367
477
297
244
300
91
344
259
435
10
94
77
66
256
76
9
266
251
437
94
52
295
179
248
477
185
121
54
407
443
173
145
482
50
219
465
202
371
363
345
124
434
430
154
448
80
134
499
144
356
11
418
126
400
89
246
90
275
234
71
264
258
316
408
355
39
259
66
245
48
292
361
356
358
277
324
263
182
441
392
157
229
472
419
1
117
112
152
134
291
317
191
366
100
197
393
146
30
121
108
45
467
499
475
84
488
208
45
404
446
18
405
133
464
24
435
330
360
294
305
380
389
198
304
301
276
369
121
153
108
28
410
97
0
311
485
305
118
107
451
57
7
243
71
134
337
95
178
357
279
340
57
237
111
116
282
442
46
438
249
403
54
298
70
184
388
112
104
42
148
360
42
483
240
156
54
58
135
110
433
304
480
216
388
454
402
213
262
349
5
174
341
465
253
373
362
373
199
452
474
459
268
70
497
34
270
54
135
39
435
311
253
477
10
149
393
402
401
243
456
360
407
405
189
236
382
194
428
311
457
434
253
150
163
345
157
244
476
496
413
441
11
247
170
273
372
26
395
198
447
475
247
202
49
118
309
452
408
316
474
138
438
120
19
146
123
6
448
132
268
295
212
368
340
176
77
166
5
386
34
490
171
178
189
391
271
457
333
78
107
103
93
170
452
338
180
411
227
178
254
97
422
431
285
352
386
167
350
219
201
336
379
57
306
233
7
115
62
129
323
18
248
126
36
411
469
167
464
140
254
199
341
232
244
237
93
464
114
398
330
177
497
338
316
417
378
239
205
57
61
402
156
11
191
266
238
451
397
353
11
71
384
318
344
304
497
411
434
409
293
253
232
271
76
314
349
419
314
294
347
182
251
95
234
124
398
16
194
258
491
197
94
472
288
189
68
273
87
4
312
426
76
332
146
315
471
146
410
245
33
406
480
334
461
398
481
467
27
478
181
196
462
57
303
337
435
280
493
478
268
234
366
184
22
35
426
410
259
73
153
117
455
299
214
251
69
51
137
378
437
159
443
399
54
360
455
412
188
465
467
340
42
168
50
195
86
482
204
34
365
101
150
189
393
402
236
445
300
357
376
430
74
383
94
96
171
180
479
359
19
226
10
473
153
241
345
199
16
195
81
62
61
282
397
147
158
52
8
22
225
480
182
33
490
173
127
198
358
261
34
87
81
160
221
370
500
148
45
169
462
405
235
140
465
140
414
14
465
100
357
363
260
439
367
130
132
73
296
396
304
99
0
236
34
469
164
106
422
137
378
120
65
59
11
8
243
53
36
345
112
102
384
441
170
416
463
201
137
327
338
170
248
454
378
379
335
466
373
247
106
217
183
192
467
309
25
289
409
160
127
232
208
129
362
111
470
449
24
55
351
195
254
286
479
340
387
24
431
169
62
235
290
262
229
470
407
416
70
282
117
354
271
300
449
50
235
409
114
140
331
137
206
238
123
387
127
438
272
412
171
314
311
205
52
499
199
461
218
47
305
179
279
194
74
106
431
158
24
462
108
450
373
231
337
138
288
308
473
482
302
119
401
139
271
172
25
415
202
117
130
390
164
459
147
499
259
49
449
446
421
74
7
93
177
150
371
377
73
62
342
169
262
458
161
396
169
235
282
361
73
318
73
329
253
371
418
140
479
352
292
18
379
138
211
248
184
346
337
249
69
152
406
253
465
375
491
41
2
479
346
341
263
84
175
67
51
466
240
453
201
483
448
389
134
232
60
54
57
499
161
457
238
363
90
149
337
48
26
48
339
369
186
427
245
162
55
211
6
469
408
232
122
235
100
381
91
317
351
205
282
129
459
419
214
63
259
32
138
91
297
390
420
361
19
340
419
38
333
276
140
488
60
330
52
40
431
225
29
434
224
59
363
289
50
354
206
410
125
133
41
457
134
259
358
193
7
469
100
433
225
494
241
21
387
464
230
467
314
170
195
115
264
329
234
163
352
293
95
436
151
47
242
124
164
145
236
486
466
456
28
201
43
398
283
153
220
1
215
111
327
260
410
476
5
91
445
278
270
281
27
164
443
23
161
213
410
163
414
143
42
408
469
230
497
236
95
441
142
476
84
410
240
462
261
413
428
480
67
284
18
164
128
106
455
473
38
70
190
321
315
358
46
487
206
244
194
464
89
38
179
175
145
232
323
243
319
206
58
387
399
73
495
208
493
249
93
470
39
387
221
249
343
105
129
315
142
197
336
144
246
277
108
55
114
181
38
181
418
326
174
167
53
72
309
478
387
268
99
239
449
284
420
79
168
145
87
178
405
184
426
357
318
273
348
221
42
495
51
168
61
326
91
228
372
135
254
255
247
126
275
77
70
212
493
55
36
216
63
15
250
28
358
276
426
132
71
346
396
142
18
202
237
436
482
345
313
258
429
26
84
165
256
428
233
364
47
29
160
352
452
128
443
192
127
404
471
41
92
457
66
434
295
191
291
279
56
351
461
368
21
390
285
215
335
197
190
462
91
166
330
360
88
377
378
271
127
136
418
68
372
338
360
208
135
152
347
158
181
131
21
328
26
51
296
189
449
361
314
163
21
37
4
442
58
81
474
192
141
489
9
67
119
440
416
440
387
8
403
266
460
35
16
433
28
30
250
382
378
436
295
260
240
325
113
272
93
22
264
419
54
78
253
283
392
470
83
241
199
201
223
72
453
278
98
212
9
348
139
479
252
118
453
483
37
414
362
123
473
337
209
150
152
142
138
34
295
394
344
455
313
372
350
435
159
21
335
33
450
444
138
46
47
144
22
490
10
111
223
240
323
23
90
17
311
13
216
434
172
234
497
358
370
478
89
298
128
498
17
494
26
60
283
331
489
226
368
474
140
23
447
61
317
140
210
86
304
245
115
72
324
378
159
365
206
382
231
485
255
290
161
331
410
154
389
171
245
226
65
369
419
68
49
500
72
2
94
60
106
93
134
325
395
271
378
122
454
57
125
9
186
447
102
307
78
484
346
85
234
468
225
139
427
274
123
263
456
89
387
373
184
127
146
55
374
114
114
209
346
86
200
62
307
175
495
229
192
22
405
175
20
234
265
279
444
480
430
134
179
29
457
94
205
25
291
411
99
370
253
44
410
461
53
28
457
39
123
231
17
155
498
434
12
368
339
227
241
231
403
191
7
225
397
28
234
373
488
219
255
161
408
77
69
183
155
167
119
62
484
488
218
372
124
127
370
168
314
47
399
386
50
83
441
228
118
316
426
367
420
295
371
171
307
392
248
167
147
231
122
28
405
403
250
275
58
417
196
101
78
442
181
5
148
54
339
254
354
425
40
311
346
440
26
39
499
6
360
327
45
147
345
84
427
116
67
171
43
43
344
188
149
246
359
72
452
229
301
372
58
365
331
324
400
133
348
466
362
376
223
198
35
237
310
328
15
402
224
84
197
130
310
302
460
232
292
463
75
316
69
16
414
81
248
322
181
46
203
11
489
386
148
214
175
0
492
425
65
171
67
338
307
288
140
388
165
106
244
174
319
8
246
476
216
344
35
49
165
231
113
94
399
60
346
129
195
424
404
96
184
364
142
174
32
211
430
145
446
305
471
412
45
183
469
107
489
466
242
439
199
320
44
94
133
156
119
298
496
374
214
120
402
56
394
340
206
80
11
428
204
199
426
83
193
306
424
217
275
192
304
250
97
340
8
146
349
64
74
386
349
410
31
342
479
165
59
394
234
256
377
156
257
203
261
315
370
120
49
179
140
1
463
42
455
90
364
52
334
206
110
72
402
469
16
354
84
434
75
298
290
286
455
307
51
257
123
436
261
260
225
18
471
306
49
485
427
265
115
465
289
44
419
42
473
274
173
222
20
145
275
333
122
305
226
117
57
335
59
185
113
37
82
423
375
155
202
463
355
436
219
201
344
72
497
492
49
430
55
461
409
411
287
480
352
326
18
79
456
352
111
16
359
254
96
245
486
31
240
459
439
164
73
337
447
418
336
25
493
434
361
450
487
384
343
234
367
50
2
352
461
149
113
388
492
495
187
489
253
352
197
79
456
188
125
5
269
144
18
156
37
257
336
124
120
42
261
1
332
362
402
148
406
310
205
366
80
225
225
225
56
266
288
27
460
437
168
203
303
450
433
208
386
266
73
180
498
314
264
93
83
332
79
143
239
447
116
329
164
103
228
475
188
58
36
426
367
422
342
282
361
363
256
412
114
2
12
476
421
341
268
133
428
113
452
66
338
310
478
268
58
260
56
325
69
449
458
399
276
442
335
257
384
151
69
313
375
92
439
425
324
14
391
354
446
446
481
16
303
380
317
375
346
220
123
124
36
294
363
180
145
471
183
199
226
116
43
63
83
257
92
403
53
157
39
195
486
148
272
239
351
477
53
61
481
92
185
372
57
181
366
223
416
80
63
437
171
288
354
320
436
289
44
245
290
325
224
108
270
30
281
146
221
451
408
38
197
363
143
334
9
132
266
279
197
315
204
465
118
442
365
456
394
372
25
441
222
5
250
252
96
483
8
313
82
490
99
234
88
308
150
434
406
104
72
412
164
7
85
32
190
274
446
250
197
476
112
246
167
325
117
298
229
181
303
166
12
108
339
280
433
186
2
254
168
188
184
498
376
180
125
151
438
227
353
393
350
46
225
71
467
439
227
125
104
184
359
97
22
270
336
122
70
344
45
434
148
414
398
320
253
30
92
387
422
474
151
179
231
327
229
287
279
244
476
423
439
34
122
252
438
357
102
113
417
4
471
277
220
36
208
271
292
248
2
170
440
416
493
220
498
130
440
128
287
267
51
286
6
267
75
443
12
497
38
215
262
84
316
441
374
156
403
152
361
103
317
86
297
96
430
32
165
164
22
282
396
69
246
220
367
390
263
131
417
347
147
500
363
377
466
150
228
196
75
279
202
150
448
488
228
192
213
242
137
420
81
297
332
247
347
447
447
100
358
348
245
497
224
351
351
465
354
282
114
325
407
469
123
327
249
177
488
113
88
385
476
364
473
484
44
29
133
188
238
383
395
181
415
176
167
154
432
214
55
375
198
38
75
350
110
462
124
121
56
500
201
305
222
59
399
112
399
487
288
280
215
101
52
475
62
247
465
312
78
275
197
323
257
468
268
69
421
360
323
44
30
331
490
460
386
248
409
306
294
313
489
366
319
407
448
333
448
402
207
132
135
479
157
291
394
178
353
69
478
15
143
131
29
21
89
9
351
455
398
56
137
243
107
202
363
436
358
118
454
372
481
439
227
345
347
392
133
76
305
12
485
304
325
29
397
218
36
333
373
289
12
205
265
244
15
452
130
206
295
59
181
419
367
354
243
380
338
199
322
393
90
265
209
88
264
240
199
202
363
106
177
49
138
463
439
123
481
184
479
22
324
34
261
347
142
217
242
366
140
355
31
198
79
207
196
113
393
424
122
488
92
430
362
213
114
392
336
12
66
484
438
473
258
291
335
285
487
277
361
477
16
46
247
296
133
21
160
312
300
208
372
226
451
496
99
42
221
219
357
86
233
344
409
228
149
128
473
202
74
188
405
169
169
134
285
327
410
104
488
93
313
70
380
1
262
122
329
289
194
226
223
49
440
162
466
246
209
107
170
300
370
215
54
82
258
430
175
462
369
465
237
464
214
354
98
35
242
427
66
82
4
157
285
241
42
449
149
67
87
248
337
212
444
435
160
42
381
203
278
8
61
315
242
402
21
54
301
377
205
39
498
41
80
218
103
436
394
24
278
219
78
34
406
210
156
33
39
258
185
392
167
411
236
180
401
377
414
439
485
317
465
299
180
166
494
464
371
342
138
117
343
110
431
2
438
203
471
199
289
424
165
485
248
439
244
492
188
438
304
221
465
475
231
54
47
145
458
321
97
103
23
67
301
136
334
451
207
425
145
136
177
413
161
435
136
310
26
198
153
125
63
483
283
309
306
160
94
346
140
269
114
499
495
321
282
73
229
39
319
151
431
63
237
492
265
47
376
462
425
44
112
60
1
359
299
211
295
390
499
422
153
451
178
337
86
234
395
484
405
82
91
188
479
296
279
308
308
400
236
181
478
496
254
43
274
449
98
102
397
315
407
215
154
161
462
467
139
475
15
120
87
464
174
181
341
366
286
90
72
16
400
274
16
125
342
171
494
406
382
446
410
323
232
247
148
61
265
269
84
117
487
210
461
12
225
5
457
215
410
354
190
288
381
192
179
8
312
409
8
250
482
437
223
109
165
324
486
70
210
57
250
346
133
171
149
127
141
473
273
297
475
400
234
460
204
218
190
440
364
223
420
57
345
298
330
77
269
241
271
366
237
281
165
158
343
5
26
264
124
28
124
164
82
313
25
142
428
269
272
418
478
53
377
460
240
499
418
144
76
172
345
85
307
324
56
459
483
93
316
434
413
352
448
289
194
59
236
2
25
492
453
48
5
224
268
251
362
128
267
432
289
78
2
223
310
207
237
356
485
6
178
216
455
55
176
49
159
94
82
466
493
376
347
50
64
352
138
284
426
25
260
170
186
407
387
135
251
279
330
379
355
103
435
138
127
92
235
234
483
454
429
214
345
439
474
453
50
128
176
276
266
353
478
203
14
283
78
439
159
427
247
153
177
12
440
95
30
443
155
440
151
257
483
97
230
34
141
492
126
338
310
95
142
110
290
385
298
23
413
308
286
274
301
21
299
365
204
241
181
21
260
268
325
316
299
16
303
253
465
212
29
38
26
273
433
33
269
74
124
28
70
376
407
75
99
438
443
64
183
485
221
84
366
240
127
117
386
337
350
318
147
272
370
87
149
304
143
290
85
240
158
76
79
236
115
322
147
262
406
298
378
496
414
116
189
379
260
435
493
383
177
484
93
32
227
112
456
235
494
385
3
364
139
435
13
243
26
436
148
59
250
150
136
204
42
240
147
316
96
29
415
132
115
342
402
370
53
433
269
77
34
153
483
135
71
157
94
306
482
478
396
112
318
473
451
403
412
406
447
200
179
44
200
331
109
122
370
66
173
249
155
302
27
471
84
52
239
379
88
498
139
441
191
109
120
312
267
240
458
103
194
181
424
108
339
81
33
178
195
16
82
451
429
232
365
239
464
321
191
20
112
148
385
50
223
446
436
200
474
421
124
461
400
424
417
232
69
38
80
13
165
224
449
308
155
60
260
1
375
160
349
385
424
350
218
169
283
30
319
146
4
214
485
432
160
297
120
114
74
225
464
349
468
97
312
175
142
234
444
137
163
494
210
260
234
449
271
297
157
478
498
49
143
249
337
311
271
185
163
434
287
222
326
354
489
156
287
393
148
56
472
449
480
262
39
221
199
458
88
258
128
416
369
491
18
408
192
325
333
474
49
256
285
365
222
21
309
438
53
182
374
196
322
182
64
107
81
223
20
242
439
123
173
380
202
239
11
240
190
434
334
470
455
32
97
156
231
189
7
477
67
253
366
377
91
321
58
284
345
413
450
32
316
490
172
112
439
240
239
348
194
232
162
76
426
497
496
449
59
420
158
421
160
101
328
83
102
371
300
358
309
112
477
213
332
189
0
69
191
133
73
297
281
453
405
117
480
466
296
260
32
215
435
134
427
101
500
163
496
182
421
4
134
134
248
30
227
94
25
9
445
437
134
112
155
154
343
418
411
246
368
369
293
8
307
281
39
415
169
415
40
36
355
401
141
74
54
493
155
402
316
312
259
452
284
175
343
344
459
114
278
22
423
309
414
73
237
39
43
487
79
204
17
448
224
241
35
410
331
365
294
354
135
456
259
269
431
26
93
448
324
456
218
63
22
373
282
212
290
495
451
48
211
454
37
67
158
28
179
105
261
171
450
219
445
228
252
59
438
374
475
137
313
299
36
30
72
18
109
162
326
46
148
415
298
344
32
480
76
474
322
210
175
193
342
405
203
137
405
281
203
74
375
209
96
409
211
61
27
259
32
297
102
296
97
484
214
15
252
406
99
98
74
354
250
176
416
250
64
490
461
175
82
149
314
405
241
159
295
483
487
68
304
124
170
362
324
139
88
370
470
395
137
426
122
358
113
323
437
327
83
404
443
67
274
378
18
293
408
34
105
2
97
476
105
388
481
363
35
350
491
65
182
238
406
104
23
222
230
395
299
47
405
311
436
366
121
202
351
378
262
330
36
113
56
474
437
59
182
341
4
167
239
425
408
54
416
173
8
230
421
315
107
255
276
48
397
265
219
420
285
298
357
47
357
93
204
215
414
250
216
431
78
427
300
421
485
303
468
297
383
154
153
160
98
124
440
364
63
446
104
85
427
127
148
298
4
304
227
209
486
407
126
190
71
250
185
94
478
374
466
439
13
148
35
478
123
68
336
313
437
471
62
323
94
76
287
207
87
95
63
126
314
308
249
178
376
343
254
44
63
191
11
278
47
149
25
361
260
34
400
63
95
186
25
407
235
386
420
104
386
196
93
196
189
65
118
266
52
194
414
425
54
418
500
500
303
83
32
171
107
103
62
490
383
22
474
369
412
431
93
229
51
121
243
308
220
27
466
435
37
79
15
52
172
142
224
96
471
258
205
423
285
386
57
180
122
100
437
110
115
225
147
34
16
172
193
208
134
379
221
274
233
452
159
3
67
195
177
377
208
60
241
403
30
238
211
226
201
16
383
84
253
310
24
276
370
231
363
303
288
131
307
283
322
63
495
409
414
342
441
353
454
276
292
439
415
341
345
330
490
56
35
208
59
472
255
223
85
468
122
463
153
42
49
69
345
32
112
471
0
175
402
349
206
457
45
332
219
310
380
411
213
89
258
47
487
418
272
457
202
36
287
409
130
492
266
53
231
74
355
133
341
30
241
298
245
350
346
239
151
399
236
187
490
271
372
145
409
101
408
360
333
71
123
232
332
401
70
62
472
485
209
318
376
71
36
341
18
188
73
372
443
198
326
392
89
337
231
489
224
205
85
435
59
394
136
75
405
425
379
330
227
146
5
189
260
298
460
129
148
180
469
104
441
126
259
465
469